554
1498
1347
1677
1873
1426
1494
1507
1377
357
396
369
486
1156
869
647
515
1109
1212
100
1543
1467
1401
1950
832
1943
1161
196
20
1679
1163
577
1613
1550
204
387
1973
651
1654
1885
227
271
1540
938
1620
2033
249
1076
1982
1252
2002
724
1440
1077
1081
1754
1310
1357
891
1454
1548
125
1340
1720
1865
507
618
1662
1358
1575
111
1292
1798
787
1195
921
1249
835
1057
1383
1572
1457
880
2027
131
1812
774
1582
1521
98
912
883
1207
1684
1716
282
1475
1961
3
964
